00000 00000 00000 00000 00000 00000 00000 00000 00000 00000
00000 00000 00000 00000 00000 00000 00000 00000 00000 00000
00111 11111 11111 11111 11111 11111 11111 11111 11111 11100
00111 11111 11111 11111 11111 11111 11111 11111 11111 11100
00110 00000 00000 00000 00011 11111 11110 00000 00000 00110
00110 00000 00000 00000 00011 11111 11110 00000 00000 00110
00110 00000 00000 00000 00000 00000 00000 00000 00000 00110
00110 00033 33333 30000 00000 00000 00000 00000 00000 00110
00110 00033 33333 30000 00000 00000 00000 00000 00000 00110
00110 00033 33333 30000 00000 00000 00444 44440 00000 00110
00110 00033 33333 30000 00000 00000 00444 44440 00000 00110
00110 00033 33333 30000 00000 00000 00444 44440 00000 00110
00110 00033 33333 30000 00000 00000 00444 44440 00000 00110
00110 00000 00000 00000 00000 00000 00444 44440 00000 00110
00110 00000 00000 00000 00000 00000 00444 44440 00000 00110
00110 00000 00000 00000 03333 33330 00000 00000 00000 00110
00110 00000 00000 00000 03333 33330 00000 00000 00000 00110
00110 00000 00000 00000 03333 33330 00000 00000 00000 00110
00110 00000 00000 00000 03333 33330 00000 00000 00000 00110
00110 00000 00000 00000 03333 33330 00000 00000 00000 00110
00110 00000 00000 00000 03333 33330 00000 00000 00000 00110
00110 00000 00000 00000 03333 33330 00000 00444 44440 00110
00110 00000 00000 00000 00000 00000 00000 00444 44440 00110
00110 00000 00000 00000 00000 00000 00000 00444 44440 00110
00110 00000 34343 43430 00000 00000 00000 00444 44440 00110
00110 00000 34343 43430 00000 00000 00000 00444 44440 00110
00110 00000 34343 43430 00000 00000 00000 00444 44440 00110
00110 00000 34343 43430 00000 00000 00000 00000 00000 00110
00110 00000 34343 43430 00000 00000 00000 00000 00000 00110
00110 00000 34343 43430 00000 00000 00000 00000 00000 00110
00110 00000 34343 43430 00000 00000 00000 00000 00000 00110
00110 00000 34343 43430 00000 01111 11111 10000 00000 00110
00110 00000 34343 43430 00000 03333 33333 30000 00000 00110
00110 00000 00000 00000 00000 04444 44444 40000 00000 00110
00110 00000 00000 00000 00000 03333 33333 30000 00000 00110
00110 00000 00000 00000 00000 01111 11111 10000 00000 00110
00110 00000 00000 00000 00000 00000 00000 00000 00000 00110
00110 00000 00000 00000 00000 00000 00000 00000 00000 00110
00110 00333 44444 33300 00000 00000 00000 00000 00000 00110
00110 00333 44444 33300 00000 00000 00000 00000 00000 00110
00110 00333 44444 33300 00000 00000 00333 33333 33330 00110
00110 00333 44444 33300 00000 00000 00344 44444 44430 00110
00110 00333 44444 33300 00000 00000 00344 44444 44430 00110
00110 00333 44444 33300 00000 00000 00344 44444 44430 00110
00110 00000 00000 00000 00000 00000 00344 44444 44430 00110
00110 00000 00000 00000 00000 00000 00333 33333 33330 00110
00111 11111 11111 11111 11111 11111 11111 11111 11111 11100
00111 11111 11111 11111 11111 11111 11111 11111 11111 11100
00000 00000 00000 00000 00000 00000 00000 00000 00000 00000
00000 00000 00000 00000 00000 00000 00000 00000 00000 00000