00111 11551 11115 51111 15511 11100
00111 11001 11110 01111 10011 11100
00000 00000 00000 00000 00000 00000
00000 00000 00000 00000 00000 00000
00111 11001 11110 01111 10011 11100
00111 11001 11110 01111 10011 11100
00111 11001 11110 01111 10011 11100
00111 11001 11110 01111 10011 11100
50000 00000 00000 00000 00000 00005
50000 00000 00000 00000 00000 00005
00111 11001 11110 01111 10011 11100
00111 11001 11110 01111 10011 11100
00111 11001 11110 01111 10011 11100
00111 11001 11110 01111 10011 11100
50000 00000 00000 00000 00000 00005
50000 00000 00000 00000 00000 00005
00111 11001 11110 01111 10011 11100
00111 11001 11110 01111 10011 11100
00111 11001 11110 01111 10011 11100
00111 11001 11110 01111 10011 11100
50000 00000 00000 00000 00000 00005
50000 00000 00000 00000 00000 00005
00111 11001 11110 01111 10011 11100
00111 11001 11110 01111 10011 11100
00111 11001 11110 01111 10011 11100
00111 11001 11110 01111 10011 11100
00000 00000 00000 00000 00000 00000
00000 00000 00000 00000 00000 00000
00111 11001 11110 01111 10011 11100
00111 11551 11115 51111 15511 11100